Model: VGG19_final_2_preprocessed_0.keras, acc: 0.868; rec: 0.857
history: [0.8397598266601562, 0.7931942939758301, 0.5679519772529602, 0.7905604839324951, 0.8610408902168274, 0.8495575189590454, 0.8770543336868286, 0.8237463235855103, 0.8174251914024353, 0.8693636655807495, 0.8850610852241516, 0.8833754658699036, 0.8845343589782715, 0.8860092759132385, 0.8843236565589905, 0.8883270025253296, 0.8887484073638916, 0.8868520855903625, 0.8855878710746765, 0.8866413831710815, 0.8904340267181396, 0.8907501101493835, 0.8909608125686646, 0.8899073004722595, 0.8892751932144165, 0.8891698122024536, 0.8901180028915405, 0.8902233242988586, 0.8892751932144165, 0.8891698122024536, 0.8889591097831726, 0.8899073004722595, 0.8894858956336975, 0.8898019194602966, 0.8900126218795776, 0.8888537883758545, 0.8896965980529785, 0.8903287053108215, 0.8903287053108215, 0.8896965980529785]
Model: VGG19_final_2_preprocessed_1.keras, acc: 0.871; rec: 0.863
history: [0.5251790881156921, 0.8452380895614624, 0.8327012062072754, 0.8672566413879395, 0.8093131184577942, 0.8718920946121216, 0.8592498898506165, 0.8502950072288513, 0.7946692109107971, 0.8741044998168945, 0.8873788714408875, 0.8878002762794495, 0.8836915493011475, 0.8884323835372925, 0.8900126218795776, 0.8863252997398376, 0.8832701444625854, 0.8873788714408875, 0.8924357295036316, 0.8792667388916016, 0.8912768363952637, 0.8896965980529785, 0.8906447291374207, 0.8907501101493835, 0.8907501101493835, 0.8906447291374207, 0.8909608125686646, 0.8908554315567017, 0.8911715149879456, 0.8908554315567017, 0.8915929198265076, 0.8894858956336975, 0.8900126218795776, 0.8914875388145447, 0.8924357295036316, 0.8887484073638916, 0.8908554315567017, 0.8906447291374207, 0.8906447291374207, 0.8898019194602966]
Model: VGG19_final_2_preprocessed_2.keras, acc: 0.868; rec: 0.871
history: [0.8175305724143982, 0.8493468165397644, 0.8445006608963013, 0.8708385825157166, 0.8063632249832153, 0.8732616901397705, 0.8774757981300354, 0.5465655326843262, 0.8680994510650635, 0.8674673438072205, 0.8839022517204285, 0.8830594420433044, 0.8867467045783997, 0.8869574666023254, 0.8862199783325195, 0.8787400126457214, 0.8889591097831726, 0.8872734904289246, 0.8850610852241516, 0.8898019194602966, 0.8900126218795776, 0.8899073004722595, 0.8904340267181396, 0.8907501101493835, 0.8911715149879456, 0.8896965980529785, 0.8905394077301025, 0.8911715149879456, 0.8905394077301025, 0.8908554315567017, 0.8904340267181396, 0.8901180028915405, 0.8909608125686646, 0.8908554315567017, 0.8908554315567017, 0.8900126218795776, 0.8905394077301025, 0.8891698122024536, 0.8907501101493835, 0.8908554315567017]
Model: MobileNetV2_final_2_preprocessed_0.keras, acc: 0.5161; rec: 0.9878
Model: MobileNetV2_final_2_preprocessed_0.keras, acc: 0.85065; rec: 0.8634
history: [0.5169491767883301, 0.7820339202880859, 0.8199999928474426, 0.8122034072875977, 0.7705084681510925, 0.8037288188934326, 0.837627112865448, 0.8399999737739563, 0.8355932235717773, 0.8437288403511047, 0.8338983058929443, 0.846101701259613, 0.8511864542961121, 0.8749152421951294, 0.8125423789024353, 0.8559321761131287, 0.8515254259109497, 0.8413559198379517, 0.829830527305603, 0.8386440873146057, 0.8501694798469543, 0.8305084705352783, 0.7925423979759216, 0.849491536617279, 0.8047457337379456, 0.834237277507782, 0.852203369140625, 0.8481355905532837, 0.8406779766082764, 0.8047457337379456, 0.8593220114707947, 0.8583050966262817, 0.8562712073326111, 0.8616949319839478, 0.8600000143051147, 0.8562712073326111, 0.858983039855957, 0.8569491505622864, 0.8518643975257874, 0.8566101789474487, 0.8596610426902771, 0.8566101789474487, 0.8542372584342957, 0.8552542328834534, 0.8525424003601074, 0.8532203435897827, 0.8633898496627808, 0.8552542328834534, 0.8559321761131287, 0.8593220114707947, 0.8450847268104553, 0.8515254259109497, 0.8610169291496277, 0.8579661250114441, 0.8661016821861267, 0.857288122177124, 0.8627118468284607, 0.8583050966262817, 0.8583050966262817, 0.8559321761131287, 0.8637288212776184, 0.8600000143051147, 0.8559321761131287, 0.858983039855957, 0.8518643975257874, 0.8579661250114441, 0.8586440682411194, 0.8549152612686157, 0.8637288212776184, 0.8613559603691101, 0.8633898496627808, 0.8705084919929504, 0.8647457361221313, 0.8613559603691101, 0.8613559603691101, 0.8627118468284607, 0.8630508184432983, 0.8603389859199524, 0.8644067645072937, 0.8542372584342957, 0.857288122177124, 0.8549152612686157, 0.8610169291496277, 0.8528813719749451, 0.8644067645072937, 0.8610169291496277, 0.8647457361221313, 0.8559321761131287, 0.8566101789474487, 0.8586440682411194, 0.8566101789474487, 0.864067792892456, 0.8613559603691101, 0.8593220114707947, 0.862372875213623, 0.8549152612686157, 0.857288122177124, 0.8583050966262817, 0.853898286819458, 0.8620339035987854, 0.86067795753479, 0.8633898496627808, 0.862372875213623, 0.86067795753479, 0.8613559603691101, 0.8596610426902771, 0.8596610426902771, 0.8603389859199524, 0.8593220114707947, 0.86067795753479, 0.8603389859199524, 0.8596610426902771, 0.8600000143051147, 0.8613559603691101, 0.8603389859199524, 0.8616949319839478, 0.8603389859199524, 0.86067795753479, 0.8600000143051147, 0.8596610426902771, 0.8600000143051147, 0.86067795753479, 0.8613559603691101, 0.8616949319839478, 0.8603389859199524, 0.8620339035987854, 0.8616949319839478, 0.8610169291496277, 0.8616949319839478, 0.8613559603691101, 0.8633898496627808, 0.8613559603691101, 0.8603389859199524, 0.862372875213623, 0.8633898496627808, 0.862372875213623, 0.8637288212776184, 0.8627118468284607, 0.8627118468284607, 0.862372875213623, 0.8630508184432983, 0.8644067645072937, 0.8620339035987854, 0.862372875213623, 0.8620339035987854, 0.8630508184432983, 0.8633898496627808, 0.8633898496627808, 0.8627118468284607, 0.8620339035987854]
Model: ResNet50V2_final_2_preprocessed_1.keras, acc: 0.872125; rec: 0.8784
history: [0.8237287998199463, 0.8199999928474426, 0.8047457337379456, 0.7671186327934265, 0.7789830565452576, 0.7220339179039001, 0.8288135528564453, 0.8064406514167786, 0.8074576258659363, 0.8233898282051086, 0.8074576258659363, 0.8037288188934326, 0.8369491696357727, 0.7450847625732422, 0.8372881412506104, 0.801694929599762, 0.8176271319389343, 0.8237287998199463, 0.8396610021591187, 0.7972881197929382, 0.8142372965812683, 0.7986440658569336, 0.8210169672966003, 0.855593204498291, 0.853898286819458, 0.841016948223114, 0.8389830589294434, 0.835932195186615, 0.8227118849754333, 0.8420339226722717, 0.8416948914527893, 0.8532203435897827, 0.8549152612686157, 0.852203369140625, 0.848813533782959, 0.8518643975257874, 0.8481355905532837, 0.855593204498291, 0.8457627296447754, 0.850508451461792, 0.8508474826812744, 0.8545762896537781, 0.8511864542961121, 0.857288122177124, 0.848813533782959, 0.848813533782959, 0.8508474826812744, 0.8579661250114441, 0.8423728942871094, 0.8549152612686157, 0.853898286819458, 0.8528813719749451, 0.855593204498291, 0.8528813719749451, 0.855593204498291, 0.847796618938446, 0.8508474826812744, 0.850508451461792, 0.849491536617279, 0.8464406728744507, 0.8515254259109497, 0.848813533782959, 0.847796618938446, 0.8454237580299377, 0.8562712073326111, 0.8525424003601074, 0.8569491505622864, 0.8454237580299377, 0.8484745621681213, 0.847118616104126, 0.8484745621681213, 0.8518643975257874, 0.850508451461792, 0.8484745621681213, 0.86067795753479, 0.8620339035987854, 0.8532203435897827, 0.8525424003601074, 0.8474576473236084, 0.8518643975257874, 0.8508474826812744, 0.850508451461792, 0.852203369140625, 0.849491536617279, 0.8467796444892883, 0.8542372584342957, 0.8437288403511047, 0.8511864542961121, 0.8515254259109497, 0.8420339226722717, 0.852203369140625, 0.8518643975257874, 0.847118616104126, 0.850508451461792, 0.8515254259109497, 0.858983039855957, 0.8566101789474487, 0.8559321761131287, 0.8549152612686157, 0.847118616104126, 0.8511864542961121, 0.8511864542961121, 0.8542372584342957, 0.8552542328834534, 0.8535593152046204, 0.8566101789474487, 0.8549152612686157, 0.857288122177124, 0.8579661250114441, 0.853898286819458, 0.8542372584342957, 0.8528813719749451, 0.8545762896537781, 0.8532203435897827, 0.853898286819458, 0.8535593152046204, 0.8535593152046204, 0.8552542328834534, 0.8535593152046204, 0.8508474826812744, 0.8542372584342957, 0.855593204498291, 0.8501694798469543, 0.8549152612686157, 0.8559321761131287, 0.8542372584342957, 0.8559321761131287, 0.8579661250114441, 0.8552542328834534, 0.8535593152046204, 0.8532203435897827, 0.8549152612686157, 0.8549152612686157, 0.8549152612686157, 0.8549152612686157, 0.852203369140625, 0.8549152612686157, 0.8501694798469543, 0.853898286819458, 0.8501694798469543, 0.8528813719749451, 0.8552542328834534, 0.8535593152046204, 0.8542372584342957, 0.8542372584342957, 0.8569491505622864, 0.8532203435897827, 0.8542372584342957, 0.855593204498291, 0.8549152612686157]
Model: VGG16_final_2_preprocessed_2.keras, acc: 0.8638; rec: 0.8651
history: [0.7789830565452576, 0.6532203555107117, 0.783728837966919, 0.6010169386863708, 0.7237288355827332, 0.6759322285652161, 0.803389847278595, 0.7599999904632568, 0.824745774269104, 0.7891525626182556, 0.8511864542961121, 0.853898286819458, 0.831525444984436, 0.8545762896537781, 0.7986440658569336, 0.7972881197929382, 0.8406779766082764, 0.8671186566352844, 0.8454237580299377, 0.871864378452301, 0.8759322166442871, 0.8627118468284607, 0.8233898282051086, 0.8440678119659424, 0.8420339226722717, 0.839322030544281, 0.8654237389564514, 0.8549152612686157, 0.8793220520019531, 0.8830508589744568, 0.8644067645072937, 0.8559321761131287, 0.8728813529014587, 0.8701695203781128, 0.8661016821861267, 0.8603389859199524, 0.8566101789474487, 0.8562712073326111, 0.862372875213623, 0.857288122177124, 0.8515254259109497, 0.8593220114707947, 0.86067795753479, 0.858983039855957, 0.8674576282501221, 0.84440678358078, 0.8677965998649597, 0.8552542328834534, 0.8681355714797974, 0.8583050966262817, 0.8596610426902771, 0.8664406538009644, 0.8610169291496277, 0.8610169291496277, 0.8583050966262817, 0.857288122177124, 0.8552542328834534, 0.8654237389564514, 0.8644067645072937, 0.8762711882591248, 0.8474576473236084, 0.8691525459289551, 0.8684746026992798, 0.8579661250114441, 0.8535593152046204, 0.8559321761131287, 0.8610169291496277, 0.8694915175437927, 0.8549152612686157, 0.8691525459289551, 0.8674576282501221, 0.855593204498291, 0.84440678358078, 0.8613559603691101, 0.8603389859199524, 0.8579661250114441, 0.8711864352226257, 0.8738983273506165, 0.8691525459289551, 0.8569491505622864, 0.8667796850204468, 0.8650847673416138, 0.8677965998649597, 0.8674576282501221, 0.862372875213623, 0.8627118468284607, 0.862372875213623, 0.8579661250114441, 0.8511864542961121, 0.8613559603691101, 0.8637288212776184, 0.8793220520019531, 0.875254213809967, 0.8793220520019531, 0.8569491505622864, 0.8630508184432983, 0.8491525650024414, 0.8508474826812744, 0.8579661250114441, 0.8386440873146057, 0.864067792892456, 0.864067792892456, 0.858983039855957, 0.8654237389564514, 0.8613559603691101, 0.8657627105712891, 0.8650847673416138, 0.8657627105712891, 0.8616949319839478, 0.8674576282501221, 0.8650847673416138, 0.8633898496627808, 0.8644067645072937, 0.8627118468284607, 0.8654237389564514, 0.8661016821861267, 0.8657627105712891, 0.8644067645072937, 0.8633898496627808, 0.8620339035987854, 0.8627118468284607, 0.8600000143051147, 0.8637288212776184, 0.8616949319839478, 0.86067795753479, 0.8620339035987854, 0.8637288212776184, 0.8633898496627808, 0.8610169291496277, 0.86067795753479, 0.8620339035987854, 0.86067795753479, 0.8627118468284607, 0.8616949319839478, 0.8633898496627808, 0.86067795753479, 0.8603389859199524, 0.8661016821861267, 0.8657627105712891, 0.862372875213623, 0.8650847673416138, 0.8627118468284607, 0.8613559603691101, 0.8620339035987854, 0.8627118468284607, 0.8620339035987854, 0.8620339035987854, 0.862372875213623, 0.8616949319839478, 0.862372875213623]
Model: DenseNet169_final_2_preprocessed_3.keras, acc: 0.88225; rec: 0.8944
history: [0.810169517993927, 0.8433898091316223, 0.8305084705352783, 0.783728837966919, 0.8511864542961121, 0.805084764957428, 0.8518643975257874, 0.846101701259613, 0.8481355905532837, 0.862372875213623, 0.8593220114707947, 0.8240677714347839, 0.8532203435897827, 0.8491525650024414, 0.839322030544281, 0.8098304867744446, 0.8701695203781128, 0.848813533782959, 0.848813533782959, 0.8484745621681213, 0.8369491696357727, 0.8271186351776123, 0.8552542328834534, 0.8338983058929443, 0.847118616104126, 0.857288122177124, 0.853898286819458, 0.8183050751686096, 0.8633898496627808, 0.8420339226722717, 0.8650847673416138, 0.8667796850204468, 0.8583050966262817, 0.8664406538009644, 0.8647457361221313, 0.8661016821861267, 0.8705084919929504, 0.8677965998649597, 0.8705084919929504, 0.8698304891586304, 0.8738983273506165, 0.8698304891586304, 0.8681355714797974, 0.8637288212776184, 0.8779661059379578, 0.8657627105712891, 0.8762711882591248, 0.8820338845252991, 0.8766101598739624, 0.8786440491676331, 0.8705084919929504, 0.8762711882591248, 0.8762711882591248, 0.8620339035987854, 0.8593220114707947, 0.8664406538009644, 0.8789830803871155, 0.8694915175437927, 0.8671186566352844, 0.8749152421951294, 0.8694915175437927, 0.8701695203781128, 0.8671186566352844, 0.8711864352226257, 0.8711864352226257, 0.8674576282501221, 0.875254213809967, 0.8732203245162964, 0.8759322166442871, 0.871864378452301, 0.8749152421951294, 0.8783050775527954, 0.8728813529014587, 0.8783050775527954, 0.8776271343231201, 0.8745762705802917, 0.8742372989654541, 0.8793220520019531, 0.8779661059379578, 0.875254213809967, 0.8783050775527954, 0.8813559412956238, 0.8776271343231201, 0.8762711882591248, 0.8738983273506165, 0.8708474636077881, 0.8769491314888, 0.8728813529014587, 0.8715254068374634, 0.8810169696807861, 0.8769491314888, 0.8830508589744568, 0.8745762705802917, 0.8772881627082825, 0.8789830803871155, 0.8708474636077881, 0.8667796850204468, 0.8728813529014587, 0.8745762705802917, 0.8759322166442871, 0.8776271343231201, 0.8749152421951294, 0.8728813529014587, 0.8745762705802917, 0.8728813529014587, 0.8745762705802917, 0.8732203245162964, 0.8711864352226257, 0.8722034096717834, 0.871864378452301, 0.8708474636077881, 0.8725423812866211, 0.8711864352226257, 0.8708474636077881, 0.8715254068374634, 0.8722034096717834, 0.8688135743141174, 0.8715254068374634, 0.8711864352226257, 0.8711864352226257, 0.8732203245162964, 0.8728813529014587, 0.8732203245162964, 0.8688135743141174, 0.8722034096717834, 0.8691525459289551, 0.8725423812866211, 0.8715254068374634, 0.875254213809967, 0.8722034096717834, 0.8708474636077881, 0.8722034096717834, 0.8742372989654541, 0.8722034096717834, 0.8732203245162964, 0.8738983273506165, 0.8711864352226257, 0.871864378452301, 0.8715254068374634, 0.8725423812866211, 0.8742372989654541, 0.8759322166442871, 0.8732203245162964, 0.8728813529014587, 0.8742372989654541, 0.8783050775527954, 0.8725423812866211, 0.8725423812866211, 0.8762711882591248, 0.8745762705802917]
