Model: ResNet50V2_final_2_preprocessed_v2_0.keras, acc: 0.87; rec: 0.906
history: [0.8637800216674805, 0.8736830949783325, 0.8925411105155945, 0.8921197056770325, 0.8919090032577515, 0.8928571343421936, 0.8886430859565735, 0.8784239292144775, 0.8829540610313416, 0.8770543336868286, 0.8743152022361755, 0.8735777735710144, 0.8718920946121216, 0.8713653683662415, 0.8749473094940186, 0.8747366070747375, 0.8703118562698364, 0.8709439635276794, 0.8706278800964355, 0.8689422607421875]
Model: VGG16_final_2_preprocessed_v2_1.keras, acc: 0.8935; rec: 0.882
history: [0.8597766757011414, 0.8072060942649841, 0.8920143246650696, 0.8879055976867676, 0.8921197056770325, 0.8870627880096436, 0.8921197056770325, 0.8899073004722595, 0.8907501101493835, 0.8850610852241516, 0.8829540610313416, 0.8840075731277466, 0.8843236565589905, 0.8798988461494446, 0.8836915493011475, 0.8843236565589905, 0.8846396803855896, 0.8793721199035645, 0.8776865005493164, 0.8817951679229736]
Model: DenseNet169_final_2_preprocessed_v2_2.keras, acc: 0.8885; rec: 0.877
history: [0.8809523582458496, 0.8797935247421265, 0.8949641585350037, 0.8965444564819336, 0.8950695395469666, 0.8929625153541565, 0.8959123492240906, 0.8939106464385986, 0.8907501101493835, 0.8925411105155945, 0.8847450613975525, 0.8856931924819946, 0.8846396803855896, 0.8833754658699036, 0.8844289779663086, 0.8822166323661804, 0.8847450613975525, 0.8829540610313416, 0.8827433586120605, 0.8830594420433044]
Model: MobileNetV2_final_2_preprocessed_v2_3.keras, acc: 0.8785; rec: 0.904
history: [0.8798988461494446, 0.8869574666023254, 0.8916983008384705, 0.8871681690216064, 0.8933839201927185, 0.8908554315567017, 0.8863252997398376, 0.8827433586120605, 0.8905394077301025, 0.8945427536964417, 0.8829540610313416, 0.8843236565589905, 0.8862199783325195, 0.8817951679229736, 0.8827433586120605, 0.8840075731277466, 0.8806363344192505, 0.8782132267951965, 0.8784239292144775, 0.8804256319999695]
Model: EfficientNetV2M_final_2_preprocessed_v2_4.keras, acc: 0.8935; rec: 0.877
history: [0.8922250270843506, 0.9013906717300415, 0.8980193734169006, 0.8946481347084045, 0.8943320512771606, 0.8868520855903625, 0.8904340267181396, 0.8804256319999695, 0.8967551589012146, 0.8871681690216064, 0.8846396803855896, 0.8825326561927795, 0.8929625153541565, 0.8945427536964417, 0.8950695395469666, 0.8904340267181396, 0.8871681690216064, 0.8928571343421936, 0.8797935247421265, 0.8853771686553955]
